  5.33333333   6.57573256   6.39960562   6.34419886   6.36161089
   6.4221513    6.50793446   6.60827874   6.71686145   6.82997965
   6.94549606   7.06192144   7.17774543   7.29317974   7.40838459
   7.52349028   7.63860928   7.75384291   7.8692849    7.98502322
   8.101141     8.21771698   8.33482567   8.45253751   8.57091897
   8.6900326    8.8129186    8.94437383   9.08135672   9.2222166
   9.3660724    9.51246631   9.66117161   9.81208668   9.96386545
  10.1170123   10.27192719  10.42884685  10.58791723  10.74923377
  10.91286378  11.07885887  11.24726172  11.41810994  11.59143809
  11.76727891  11.94566392  12.1266238   12.31018863  12.49638798
  12.68525103  12.87680657  13.07108307  13.26810868  13.46791126
  13.67051836  13.87595723  14.08425482  14.29543774  14.50953229
  14.72656443  14.94655971  15.16951451  15.39539506  15.62419939
  15.85594041  16.09063761  16.32831306  16.56898953  16.81268956
  17.05943504  17.30924703  17.56214568  17.81815019  18.07727873
  18.33954848  18.60497551  18.87357483  19.14536029  19.42034451
  19.69853889  19.97995351  20.26459704  20.57212446  20.8901624
  21.21355222  21.53856614  21.8635397   22.18951094  22.51695194
  22.84609331  23.17705639  23.50990826  23.84468549  24.18142813
  24.52019037  24.86103141  25.20401383  25.54913503  25.89636652
  26.24566868  26.59699618  26.9503001   27.30552873  27.6626279
  28.02154112  28.38220963  28.74457237  29.10856601  29.47412488
  29.84807405  30.24847069  30.65908205  31.07473002  31.49367732
  31.9153223   32.33939624  32.76572345  33.1941507   33.6245269
  34.05669739  34.49050758  34.9257985   35.36240572  35.80015915
  36.23888313  36.67839658  37.11851317  37.55904149  37.99978528
  38.42880383  38.85361934  39.27648993  39.69782381  40.11764516
  40.57882299  41.17285883  41.83755079  42.5401222   43.26333068
  43.99810414  44.73964916  45.48538596  46.23389583  46.98461917
  47.73718204  48.49129726  49.24670332  50.00314055  50.76064134
  51.51917129  52.27727576  53.03492462  53.80009209  54.58124157
  55.36990252  56.16189666  56.95509579  57.74834656  58.54095725
  59.33245409  60.1224662   60.91067152  61.69677152  62.48047944
  63.26151487  64.03960136  64.81446541  65.5858362   66.35347498
  67.11727828  67.87703387  68.63248956  69.38338135  70.12944487
  70.87034842  71.60566655  72.3351067   73.05842804  73.77541178
  74.48585099  75.18954751  75.88631129  76.57596065  77.25832257
  77.95606636  78.66910081  79.38061469  80.08576052  80.80760633
  81.71282104  82.71273266  83.76203802  84.83751356  85.92718863
  87.02483279  88.1271473   89.23233342  90.3393617   91.44760881
  92.5569654   93.66725845  94.7782904   95.88985536  97.0017451
  98.11375056  99.22566185 100.33726764 101.44835471 102.55870759
 103.6681084  104.77633681 105.97684778 107.23121195 108.50859695
 109.61682547 110.63864358 111.61243469 112.55542958 113.47534923
 114.37561293 115.25767437 116.1220767  116.96893449 117.79815794
 118.6095598  119.40290804 120.09061776 120.58940709 121.0293533
 121.42027633 121.76774432 122.07402568 122.33683873 122.55530476
 122.72926255 122.85892085 122.94502826 122.98849561 122.62755166
 121.40559043 119.6919352  117.71211433 115.69474356 113.64825737
 111.5821789  109.41934723 107.18475029 104.9388361  102.67816085
 100.42566171  98.1962418   95.99900756  93.83981004  91.72255962
  89.65896475  87.88960736  86.31712214  84.88148985  83.5426382
  82.27319395  81.05406352  79.87165946  78.7169941   77.65295869
  76.63742635  75.64579613  74.66287176  73.6787799   72.68683184
  71.68202057  70.66046962  69.60771925  68.51465985  67.38825236
  66.23298153  65.05195366  63.84722789  62.61411647  61.35756586
  60.08134758  58.78852466  57.48173023  56.16333384  54.83547966
  53.49973546  52.16129675  50.8275655   49.50323192  48.19135041
  46.89397908  45.61256156  44.34815592  43.10157225  41.87345568
  40.6643366   39.47466097  38.35777685  37.3539459   36.41942371
  35.53040864  34.6737967   33.84224889  33.03156788  32.23928924
  31.46391736  30.70450665  29.96047582  29.23149794  28.51730149
  27.81765709  27.13236603  26.46124215  25.80410787  25.16079112
  24.53096769  23.91407297  23.30983734  22.71813136  22.13888261
  21.57203265  21.01750434  20.47514576  19.94486226  19.42655059
  18.92009291  18.42535549  17.94218947  17.47043273  17.00980241
  16.56006168  16.12122665  15.69302207  15.27525036  14.86788001
  14.47069183  14.08313767  13.70513323  13.33654094  12.97719305
  12.62690544  12.28548587  11.95273891  11.62846895  11.31248186
  11.00458607  10.70444521  10.41173822  10.12646908   9.84857256
   9.57794122   9.31444219   9.05792774   8.8082419    8.56522471
   8.32871496   8.09855189   7.87461369   7.65677604   7.44486597
   7.23868446   7.03805345   6.84280969   6.65280072   6.46788238
   6.2879171    6.11277286   5.94231604   5.7763879    5.61441441
   5.45530381   5.29863188   5.14432466   4.99247804   4.84325718
   4.69684212   4.55340006   4.41307261   4.27597147   4.14217848
   4.01174789   3.88470958   3.76107249   3.64082798   3.52395362
   3.410416     3.30017219   3.1931713    3.08935599   2.98866388
   2.89101889   2.79632165   2.70450556   2.61549166   2.52919022
   2.44553564   2.36445943   2.28589182   2.20976284   2.13600301
   2.06454385
