9.00000000e+08 9.01781372e+08 9.03596664e+08 9.05448797e+08
 9.07342141e+08 9.09279495e+08 9.11262624e+08 9.13292497e+08
 9.15369547e+08 9.17493879e+08 9.19665412e+08 9.21883614e+08
 9.24147029e+08 9.26455428e+08 9.28808628e+08 9.31206490e+08
 9.33648919e+08 9.36135862e+08 9.38667305e+08 9.41243279e+08
 9.43863851e+08 9.46529128e+08 9.49239255e+08 9.51994413e+08
 9.54794815e+08 9.57640711e+08 9.60504579e+08 9.63333137e+08
 9.66130911e+08 9.68901778e+08 9.71649163e+08 9.74376149e+08
 9.77085557e+08 9.79779993e+08 9.82469511e+08 9.85156243e+08
 9.87841609e+08 9.90526971e+08 9.93213644e+08 9.95902894e+08
 9.98595947e+08 1.00129399e+09 1.00399817e+09 1.00670962e+09
 1.00942943e+09 1.01215866e+09 1.01489837e+09 1.01764957e+09
 1.02041328e+09 1.02319050e+09 1.02598219e+09 1.02878934e+09
 1.03161289e+09 1.03445381e+09 1.03731302e+09 1.04019148e+09
 1.04309011e+09 1.04600984e+09 1.04895162e+09 1.05191636e+09
 1.05490499e+09 1.05791846e+09 1.06095766e+09 1.06402350e+09
 1.06711687e+09 1.07023867e+09 1.07338981e+09 1.07657121e+09
 1.07978379e+09 1.08302850e+09 1.08630628e+09 1.08961809e+09
 1.09296491e+09 1.09634771e+09 1.09976750e+09 1.10322528e+09
 1.10672208e+09 1.11025893e+09 1.11383691e+09 1.11745706e+09
 1.12112049e+09 1.12482830e+09 1.12858160e+09 1.13239392e+09
 1.13626658e+09 1.14020080e+09 1.14420379e+09 1.14828279e+09
 1.15243792e+09 1.15666960e+09 1.16097843e+09 1.16536509e+09
 1.16983039e+09 1.17437518e+09 1.17900037e+09 1.18370699e+09
 1.18849615e+09 1.19336905e+09 1.19832696e+09 1.20337118e+09
 1.20850306e+09 1.21372397e+09 1.21903530e+09 1.22443848e+09
 1.22993500e+09 1.23552633e+09 1.24121401e+09 1.24699960e+09
 1.25288471e+09 1.25887095e+09 1.26492603e+09 1.27094594e+09
 1.27694995e+09 1.28295065e+09 1.28895792e+09 1.29498033e+09
 1.30102570e+09 1.30710123e+09 1.31321366e+09 1.31936934e+09
 1.32557428e+09 1.33183419e+09 1.33815454e+09 1.34454057e+09
 1.35099734e+09 1.35752974e+09 1.36414252e+09 1.37084029e+09
 1.37762755e+09 1.38450870e+09 1.39147310e+09 1.39851839e+09
 1.40564667e+09 1.41286116e+09 1.42016528e+09 1.42752313e+09
 1.43484314e+09 1.44215289e+09 1.44946908e+09 1.45680255e+09
 1.46416089e+09 1.47154989e+09 1.47897487e+09 1.48644039e+09
 1.49395041e+09 1.50150870e+09 1.50911886e+09 1.51678432e+09
 1.52450842e+09 1.53229427e+09 1.54014484e+09 1.54806309e+09
 1.55605169e+09 1.56408763e+09 1.57213729e+09 1.58021099e+09
 1.58831664e+09 1.59646079e+09 1.60464922e+09 1.61288719e+09
 1.62117960e+09 1.62953106e+09 1.63794594e+09 1.64642842e+09
 1.65498250e+09 1.66361201e+09 1.67232064e+09 1.68111193e+09
 1.68998931e+09 1.69895608e+09 1.70801555e+09 1.71717095e+09
 1.72642540e+09 1.73578196e+09 1.74524356e+09 1.75481300e+09
 1.76449290e+09 1.77428572e+09 1.78419382e+09 1.79421948e+09
 1.80436489e+09 1.81463218e+09 1.82502340e+09 1.83554053e+09
 1.84618546e+09 1.85690456e+09 1.86767375e+09 1.87851055e+09
 1.88942410e+09 1.90039029e+09 1.91119863e+09 1.92189007e+09
 1.93249071e+09 1.94301865e+09 1.95348749e+09 1.96390813e+09
 1.97428983e+09 1.98464070e+09 1.99496800e+09 2.00527839e+09
 2.01557813e+09 2.02587307e+09 2.03616871e+09 2.04647022e+09
 2.05678246e+09 2.06711004e+09 2.07745733e+09 2.08782846e+09
 2.09822738e+09 2.10865786e+09 2.11912347e+09 2.12962767e+09
 2.13999404e+09 2.15023142e+09 2.16036623e+09 2.17035942e+09
 2.18019847e+09 2.18988481e+09 2.19942532e+09 2.20882860e+09
 2.21810338e+09 2.22725791e+09 2.23629974e+09 2.24523566e+09
 2.25407170e+09 2.26281322e+09 2.27146497e+09 2.28000973e+09
 2.28839764e+09 2.29657687e+09 2.30455504e+09 2.31233984e+09
 2.31993854e+09 2.32735719e+09 2.33460117e+09 2.34167540e+09
 2.34858440e+09 2.35533244e+09 2.36192355e+09 2.36830390e+09
 2.37436392e+09 2.38007444e+09 2.38541995e+09 2.39024921e+09
 2.39458146e+09 2.39845116e+09 2.40197573e+09 2.40520012e+09
 2.40814837e+09 2.41084464e+09 2.41331196e+09 2.41557146e+09
 2.41764229e+09 2.41954165e+09 2.42128501e+09 2.42288718e+09
 2.42438503e+09 2.42579505e+09 2.42712920e+09 2.42839460e+09
 2.42959669e+09 2.43073974e+09 2.43182715e+09 2.43285544e+09
 2.43378433e+09 2.43462663e+09 2.43539105e+09 2.43608396e+09
 2.43671027e+09 2.43727395e+09 2.43777837e+09 2.43822643e+09
 2.43863127e+09 2.43900528e+09 2.43934908e+09 2.43966342e+09
 2.43994911e+09 2.44020698e+09 2.44043767e+09 2.44064205e+09
 2.44082104e+09 2.44097561e+09 2.44110670e+09 2.44121525e+09
 2.44130219e+09 2.44136892e+09 2.44141681e+09 2.44144700e+09
 2.44146058e+09 2.44145854e+09 2.44144180e+09 2.44141124e+09
 2.44136764e+09 2.44131174e+09 2.44124423e+09 2.44116575e+09
 2.44107689e+09 2.44097723e+09 2.44086684e+09 2.44074707e+09
 2.44061898e+09 2.44048346e+09 2.44034126e+09 2.44019306e+09
 2.44003942e+09 2.43988087e+09 2.43971787e+09 2.43955084e+09
 2.43938013e+09 2.43920608e+09 2.43902900e+09 2.43884915e+09
 2.43866678e+09 2.43848211e+09 2.43829535e+09 2.43810667e+09
 2.43791623e+09 2.43772420e+09 2.43753071e+09 2.43733588e+09
 2.43713984e+09 2.43694270e+09 2.43674455e+09 2.43654548e+09
 2.43634559e+09 2.43614494e+09 2.43594362e+09 2.43574168e+09
 2.43553918e+09 2.43533619e+09 2.43513274e+09 2.43492889e+09
 2.43472469e+09 2.43452016e+09 2.43431536e+09 2.43411031e+09
 2.43390505e+09 2.43369960e+09 2.43349401e+09 2.43328827e+09
 2.43308244e+09 2.43287651e+09 2.43267051e+09 2.43246445e+09
 2.43225836e+09 2.43205224e+09 2.43184610e+09 2.43163997e+09
 2.43143384e+09 2.43122773e+09 2.43102164e+09 2.43081559e+09
 2.43060958e+09 2.43040362e+09 2.43019771e+09 2.42999185e+09
 2.42978606e+09 2.42958033e+09 2.42937466e+09 2.42916907e+09
 2.42896355e+09 2.42875810e+09 2.42855272e+09 2.42834742e+09
 2.42814220e+09 2.42793705e+09 2.42773198e+09 2.42752700e+09
 2.42732209e+09 2.42711726e+09 2.42691250e+09 2.42670782e+09
 2.42650322e+09 2.42629870e+09 2.42609427e+09 2.42588994e+09
 2.42568570e+09 2.42548156e+09 2.42527752e+09 2.42507358e+09
 2.42486974e+09 2.42466599e+09 2.42446235e+09 2.42425881e+09
 2.42405536e+09 2.42385201e+09 2.42364875e+09 2.42344558e+09
 2.42324250e+09 2.42303951e+09 2.42283661e+09 2.42263379e+09
 2.42243105e+09 2.42222839e+09 2.42202580e+09 2.42182329e+09
 2.42162086e+09 2.42141849e+09 2.42121619e+09 2.42101396e+09
 2.42081180e+09
