0.10895761 0.09989071 0.10222809 0.10368685 0.10459646 0.10518052
 0.10557165 0.10584784 0.10605461 0.10621838 0.10634993 0.10644904
 0.10654234 0.10662912 0.10670914 0.10678241 0.10684913 0.10690958
 0.10696404 0.10701285 0.10705633 0.10709478 0.1071285  0.10715777
 0.10718285 0.10720398 0.10720703 0.10717171 0.1071189  0.10705976
 0.10700015 0.10694304 0.10688981 0.10684099 0.10680366 0.10677428
 0.10675023 0.10672998 0.10671265 0.10669768 0.10668473 0.10667354
 0.10666394 0.10665579 0.10664897 0.10664338 0.10663895 0.1066356
 0.10663326 0.10663187 0.10663139 0.10663178 0.10663299 0.10663499
 0.10663776 0.10664127 0.10664551 0.10665047 0.10665613 0.10666249
 0.10666955 0.10667656 0.10668257 0.10668799 0.10669305 0.10669788
 0.10670256 0.10670713 0.10671165 0.10671615 0.10672068 0.10672527
 0.10672995 0.10673478 0.10673977 0.10674498 0.10675045 0.1067562
 0.10676229 0.10676875 0.10677562 0.10678295 0.10716585 0.10742838
 0.10763716 0.10782097 0.1079989  0.10817916 0.10835809 0.10853448
 0.10870801 0.10887871 0.10904674 0.10921262 0.10937711 0.10954092
 0.10970477 0.10986832 0.1100315  0.11019433 0.11035687 0.11051922
 0.11068146 0.11084369 0.11100599 0.11116847 0.11133122 0.11149435
 0.11165797 0.11182216 0.11196609 0.11203861 0.11209837 0.1121622
 0.11223518 0.11231818 0.11241093 0.1125129  0.11262356 0.11274243
 0.11286917 0.11300345 0.11314502 0.11329363 0.1134491  0.11361128
 0.11378004 0.11395527 0.1141369  0.11418717 0.11426875 0.11436602
 0.11447155 0.11458384 0.11492012 0.11576008 0.11643489 0.11702384
 0.11756805 0.11808865 0.11859641 0.1190967  0.11959216 0.12008633
 0.12057949 0.12107167 0.12156266 0.12205218 0.12253911 0.12302116
 0.12349854 0.12397325 0.1244451  0.1249082  0.12535764 0.12580168
 0.12624397 0.12668604 0.12712844 0.12757129 0.12801456 0.12845811
 0.12890181 0.12934555 0.12978921 0.13023269 0.13067591 0.13111879
 0.13156149 0.13200499 0.13244901 0.13289339 0.13333802 0.13378284
 0.13422731 0.13467046 0.1351125  0.13555351 0.13599353 0.13643257
 0.13687064 0.13730774 0.13774388 0.13817905 0.13861325 0.13903173
 0.13943714 0.1398425  0.140269   0.14081346 0.14125714 0.14165535
 0.14203512 0.14240938 0.1427841  0.14316182 0.14354346 0.14392915
 0.14431876 0.14471368 0.1451133  0.14551713 0.14592478 0.14633592
 0.14675027 0.14716757 0.14758759 0.14801015 0.14843504 0.14886211
 0.14929119 0.14972216 0.15011715 0.15049734 0.15052329 0.15063946
 0.1508037  0.15099485 0.15120329 0.15142442 0.15165585 0.15189614
 0.15214434 0.15239965 0.15266143 0.15292909 0.15304081 0.15295005
 0.15297634 0.15301737 0.15307079 0.15313345 0.15319784 0.15326534
 0.15333657 0.15341174 0.15349246 0.15357945 0.15301536 0.1514574
 0.15023857 0.14924676 0.14852204 0.1478496  0.14723738 0.14668683
 0.14623833 0.14588117 0.14558547 0.14539853 0.14530259 0.14528281
 0.14532836 0.14543055 0.14560307 0.14638616 0.14710809 0.14781637
 0.1485195  0.14921887 0.14991194 0.15059411 0.15120795 0.15196804
 0.15270224 0.15342334 0.15413189 0.15482312 0.15549012 0.15612252
 0.15670974 0.15724517 0.15773106 0.15816656 0.15853994 0.15884261
 0.15906704 0.15918851 0.15923015 0.15918597 0.1590515  0.15882332
 0.15849876 0.15807552 0.15755038 0.15696487 0.15635972 0.1557236
 0.1550493  0.15433218 0.15356926 0.15275859 0.15189895 0.1509896
 0.15003015 0.14902045 0.14876209 0.14933576 0.14963462 0.14977992
 0.14983724 0.14984168 0.14981198 0.14975808 0.14968517 0.1495959
 0.14949251 0.14937735 0.14925028 0.14911128 0.14896042 0.14879765
 0.14862295 0.14843635 0.14823706 0.14802391 0.14779906 0.14756358
 0.147318   0.14706255 0.14679726 0.14652183 0.14623686 0.14594248
 0.14563876 0.1453258  0.14500368 0.1446725  0.14432848 0.14397245
 0.14360511 0.14322643 0.1428412  0.14245255 0.14205844 0.14165597
 0.14124897 0.14083671 0.14041876 0.13999491 0.13956505 0.13912914
 0.1386872  0.13823928 0.13778547 0.13732449 0.13685755 0.13639093
 0.13592351 0.13545462 0.13498384 0.13451093 0.13403575 0.13355826
 0.13307845 0.13259634 0.13211463 0.13163393 0.13115137 0.13066449
 0.13017364 0.12967908 0.12918098 0.12867949 0.12817471 0.12766675
 0.12715514 0.12663704 0.12610734 0.12555952 0.1250028  0.1244416
 0.12387775 0.1233117  0.12274324 0.1221719  0.12159714 0.12101846
 0.12043544 0.11984777 0.11925521 0.11865765 0.11805503 0.11744747
 0.11683521 0.11621847 0.11559742 0.11497226 0.11434317 0.11370866
 0.11306479 0.11241196 0.11175157 0.11108564 0.11041471 0.10973861
 0.10905724 0.10837054 0.10767846 0.106981   0.10627929
