269.325      282.19407496 279.97746027 278.9434799  278.61206917
 278.69090069 279.00817381 279.46442901 280.00302758 280.59234336
 281.21515911 281.86035899 282.51725548 283.18818253 283.87463568
 284.57758254 285.29765559 286.03527298 286.79071494 287.56417298
 288.35578176 289.16564017 289.99382545 290.84040257 291.70543069
 292.58896745 293.51294835 294.50905138 295.54651698 296.60885123
 297.68743797 298.77798043 299.87852862 300.98839128 302.09666405
 303.20882411 304.32904492 305.45981443 306.6026793  307.75865873
 308.92847398 310.11267536 311.31171236 312.52597248 313.75580267
 315.00152136 316.26342523 317.54179316 318.83688855 320.14896087
 321.47824664 322.82497016 324.18934411 325.57156999 326.97183848
 328.39032986 329.82721423 331.28265182 332.75679322 334.24977956
 335.76174272 337.29478916 338.85183124 340.43236026 342.03620859
 343.66337765 345.31395228 346.98805799 348.68583958 350.40745034
 352.15304656 353.92278458 355.71681922 357.5353028  359.37838461
 361.24621051 363.13892259 365.056659   366.99955372 368.96773642
 370.96133229 372.98046192 373.79805103 374.86742761 376.06047388
 377.32060866 378.60937969 379.90930797 381.22641907 382.56232876
 383.9170798  385.29022263 386.68120906 388.0881629  389.50829045
 390.93993901 392.38141938 393.83325089 395.2954209  396.76772291
 398.24987747 399.74157391 401.24248404 402.75226601 404.2705652
 405.7970142  407.3312328  408.87282802 410.42139447 411.97651475
 413.58384781 415.35729002 417.17467861 419.00153973 420.82602974
 422.64546506 424.45973188 426.2693423  428.07487941 429.87685013
 431.67537874 433.47053351 435.26230415 437.05060033 438.83525695
 440.61604065 442.39265609 444.16475181 445.93192564 447.6937297
 449.36253592 450.99757294 452.61730788 454.22598662 455.28967302
 455.10575404 455.30606854 455.7035475  456.2009716  456.74827926
 457.32002181 457.90350734 458.49262904 459.07379299 459.6463571
 460.21035911 460.76670775 461.31673399 461.86600622 462.42548908
 462.9947339  463.56851824 464.14738576 464.74694758 465.38060776
 466.0270062  466.67654124 467.32509994 467.97109776 468.61408486
 469.25409815 469.89136502 470.52617145 471.15880603 471.78953824
 472.41861211 473.04624626 473.67263653 474.29671599 474.91232968
 475.52035371 476.12128649 476.71544739 477.30306368 477.88733179
 478.47449012 479.06397618 479.65560619 480.24935104 480.8452492
 481.4433727  482.0438134  482.64667732 483.25208221 483.86015651
 484.51542619 485.21116034 485.90881465 486.54394494 486.81889803
 487.39663913 488.11452834 488.89245909 489.6916903  490.49409702
 491.29174227 492.08166249 492.86327903 493.63668787 494.3898281
 495.12444131 495.84186191 496.54317232 497.22929145 497.90102729
 498.55910979 499.20421257 499.83696812 500.45797903 501.06782674
 501.66707863 502.25629398 502.9627145  503.71826911 504.47461242
 504.92837912 505.20392704 505.36300027 505.43110111 505.41838781
 505.32874632 505.16366644 504.92385772 504.60989458 504.22245255
 503.76237777 503.23401525 502.48141549 501.29585071 500.01436626
 498.6334709  497.15106961 495.56985825 493.8880358  492.10661695
 490.22816072 488.24338114 486.1490681  483.95001896 481.20649529
 477.38033253 472.86557824 467.57152838 462.19107564 456.71666875
 451.16528051 445.4412742  439.59698368 433.73437981 427.73602437
 421.66757951 415.58269777 409.52074257 403.51254461 397.58337681
 391.76662994 386.20047773 380.76832016 375.45271502 370.25317937
 365.17780175 360.23855547 355.28136937 349.76275982 344.38520159
 339.12025941 333.96803611 328.94011571 324.05196736 319.33160684
 314.8065542  310.48695157 306.36331565 302.43294665 298.71604345
 295.22544717 291.96935469 288.95242421 286.16804992 283.62238455
 281.31827226 279.25636283 277.43579191 275.85461421 274.51000828
 273.31812112 272.19900996 271.17275335 270.25098299 269.44011984
 268.74332769 268.16170519 267.695022   267.34217962 267.10150473
 266.97093919 265.54085422 262.69585576 260.3817181  258.38017512
 256.57273031 254.8957187  253.31469928 251.81086708 250.37379866
 248.99755977 247.67635259 246.40378331 245.17901275 244.00097272
 242.86845411 241.780625   240.73659125 239.73541316 238.77611868
 237.85697609 236.97507894 236.1289276  235.31768905 234.54081028
 233.79782422 233.0882019  232.41107929 231.76592883 231.15222621
 230.56942191 230.01693398 229.49415082 229.00776535 228.55582093
 228.13654494 227.74988691 227.38788053 227.04454072 226.72144081
 226.41883404 226.13496469 225.87057114 225.62594903 225.4011245
 225.19595866 225.0102111  224.84357869 224.69571958 224.56626813
 224.45484436 224.35847035 224.27013312 224.19140662 224.12323593
 224.06616414 224.02047458 223.98628064 223.96358294 223.95230619
 223.95232314 223.9593934  223.97250127 223.99599541 224.03357555
 224.08461532 224.14864316 224.2252831  224.31421742 224.41516304
 224.52785669 224.65288451 224.79424888 224.95099844 225.11978514
 225.29446891 225.47338776 225.65705522 225.84690145 226.04460852
 226.25177928 226.46979015 226.69974222 226.9424626  227.19852896
 227.46830311 227.75196572 228.04954891 228.36082839 228.68540705
 229.0229168  229.37299867 229.73529196 230.10942901 230.49727039
 230.90390541 231.32861424 231.76936211 232.22333254 232.68973976
 233.16862718 233.6599772  234.16372736 234.67978164 235.2080184
 235.74682776
