0.18382353  0.14582027  0.1168654   0.09480455  0.07801007  0.06525429
  0.05561126  0.04838251  0.04304088  0.0391882   0.03652329  0.03481773
  0.03389777  0.03363051  0.03391368  0.03466782  0.03583055  0.03735221
  0.03919263  0.04131873  0.04370278  0.04632106  0.04915291  0.05218007
  0.05538612  0.05875614  0.06227646  0.06593445  0.0697184   0.07361742
  0.0776214   0.08172093  0.0859073   0.0901725   0.09450915  0.09891055
  0.10337059  0.10788376  0.11244516  0.11705039  0.12169561  0.12637744
  0.13109298  0.13583979  0.14061581  0.1454194   0.15024928  0.15510451
  0.15998449  0.16488889  0.16981769  0.17477112  0.17974966  0.184754
  0.18978505  0.19484391  0.19993186  0.20505032  0.21020088  0.21538526
  0.2206053   0.22586297  0.2311603   0.23649947  0.2418827   0.2473123
  0.25279065  0.2583202   0.26390345  0.26954294  0.27524127  0.28100107
  0.28682501  0.29271578  0.29867612  0.30470879  0.31081655  0.31700222
  0.32326861  0.32961855  0.33605491  0.34258055  0.34919836  0.35591125
  0.36272214  0.36963396  0.37664966  0.38377224  0.39100478  0.39835045
  0.40581252  0.41339432  0.42109929  0.42893089  0.43689261  0.44498796
  0.45322048  0.46159366  0.47011101  0.47877599  0.48759205  0.49656259
  0.50569101  0.51498063  0.52443479  0.53405677  0.54384984  0.55381722
  0.56396215  0.57428783  0.58479744  0.59549417  0.6063812   0.6174617
  0.62873885  0.64021591  0.65189625  0.66378334  0.67588084  0.68819248
  0.70072218  0.71347391  0.72645175  0.73965985  0.7531024   0.76678365
  0.78070784  0.79487923  0.80930209  0.82398064  0.83891912  0.85412172
  0.8695926   0.88533673  0.90136032  0.9176711   0.93427826  0.95119242
  0.96842544  0.98599032  1.00390129  1.02221122  1.04106959  1.06046588
  1.08039795  1.10087016  1.12189192  1.14347641  1.16563966  1.18839973
  1.21177603  1.23578886  1.26045895  1.28580717  1.31185425  1.33862063
  1.36612627  1.39439061  1.42343248  1.45327018  1.4839214   1.51540329
  1.54773241  1.58092479  1.61499591  1.64996072  1.68583366  1.72262867
  1.76035924  1.7990384   1.83867877  1.87929262  1.92089182  1.96348798
  2.00709237  2.05171606  2.09736986  2.14406442  2.19181023  2.24061765
  2.29049699  2.34145847  2.39351232  2.4466688   2.50093819  2.55633089
  2.61285736  2.67052823  2.72935429  2.78934656  2.85051643  2.91287574
  2.9764368   3.04121254  3.107217    3.174466    3.24297755  3.31277216
  3.38387295  3.4563056   3.53009832  3.60528157  3.68188794  3.75995184
  3.83950927  3.92059762  4.0032554   4.08752205  4.17343777  4.26104336
  4.35038006  4.44148946  4.53441343  4.62919399  4.7258733   4.82449365
  4.92509764  5.02772859  5.13242819  5.23923446  5.34818013  5.45929155
  5.57258806  5.68808168  5.80577707  5.92567166  6.04775593  6.17201376
  6.29842277  6.42695479  6.55757492  6.69023882  6.82489049  6.96146095
  7.09986765  7.24001434  7.38179125  7.52507554  7.66973185  7.81561293
  7.96256043  8.1104056   8.25896486  8.40802688  8.55734222  8.70661631
  8.85550596  9.00361938  9.15051859  9.29572375  9.43871836  9.57895514
  9.71586255  9.84885149  9.97732225 10.10067137 10.2182984  10.32961242
 10.4340384  10.53102656 10.62006078 10.70066556 10.77241166 10.8349203
 10.88786613 10.93097921 10.96404781 10.98692179 10.99951417 11.00180112
 10.99382065 10.97567015 10.94750319 10.90952562 10.8619912  10.80519694
 10.73947814 10.6652034  10.58276946 10.49259627 10.39512212 10.29079904
 10.18008828 10.06345631  9.9413709   9.8142977   9.68269707  9.54702128
  9.40771204  9.26519833  9.11989458  8.97219916  8.82249322  8.67113982
  8.51848327  8.36484878  8.2105423   8.05585052  7.90104104  7.74636272
  7.59204607  7.43830398  7.28533282  7.13331352  6.98241268  6.83278346
  6.68456642  6.53789019  6.39287209  6.2496186   6.10822591  5.96878027
  5.83135845  5.6960281   5.56284816  5.43186924  5.30313402  5.17667764
  5.05252811  4.93070673  4.81122847  4.69410237  4.57933199  4.46691576
  4.35684741  4.24911637  4.14370809  4.04060451  3.93978432  3.84122338
  3.744895    3.65077026  3.55881833  3.46900672  3.38130151  3.29566764
  3.21206908  3.13046905  3.05083019  2.97311474  2.89728466  2.82330176
  2.75112782  2.68072472  2.61205449  2.5450794   2.47976205  2.41606542
  2.3539529   2.29338837  2.2343362   2.17676131  2.12062919  2.06590587
  2.012558    1.96055285  1.9098583   1.86044285  1.81227565  1.76532647
  1.71956573  1.6749645   1.63149446  1.58912793  1.54783785  1.5075978
  1.46838194  1.43016504  1.39292246  1.35663014  1.32126457  1.28680281
  1.25322246  1.22050163  1.18861889  1.15755328  1.12728426  1.09779166
  1.06905571  1.04105699  1.01377644  0.98719537  0.96141589  0.93650536
  0.91237936  0.88897077  0.86622578  0.84410068  0.82255958  0.8015726
  0.78111445  0.76116347  0.74170077  0.72270967  0.7041752   0.6860838
  0.66842299  0.65118122  0.63434768  0.61791218  0.60186505
