6.65000000e+10 6.66959377e+10 6.83387271e+10 6.99116305e+10
 7.14386166e+10 7.29364869e+10 7.44170131e+10 7.58886558e+10
 7.73576793e+10 7.88288743e+10 8.02971174e+10 8.17440020e+10
 8.32055668e+10 8.46831243e+10 8.61779550e+10 8.76913036e+10
 8.92243778e+10 9.07783495e+10 9.23543558e+10 9.39535017e+10
 9.55768627e+10 9.72254872e+10 9.89003993e+10 1.00602602e+11
 1.02333079e+11 1.04092799e+11 1.05882716e+11 1.07704014e+11
 1.09558228e+11 1.11446559e+11 1.13370023e+11 1.15329534e+11
 1.17325956e+11 1.19360129e+11 1.21432884e+11 1.23544916e+11
 1.25696988e+11 1.27889913e+11 1.30124538e+11 1.32401735e+11
 1.34722394e+11 1.37087418e+11 1.39497729e+11 1.41954261e+11
 1.44457961e+11 1.47009792e+11 1.49610733e+11 1.52261776e+11
 1.54963932e+11 1.57718227e+11 1.60525703e+11 1.63387421e+11
 1.66304460e+11 1.69277918e+11 1.72308910e+11 1.75398572e+11
 1.78548061e+11 1.81758551e+11 1.85031241e+11 1.88367347e+11
 1.91768110e+11 1.95234791e+11 1.98768706e+11 2.02371236e+11
 2.06043775e+11 2.09787732e+11 2.13604543e+11 2.17495665e+11
 2.21462579e+11 2.25506795e+11 2.29629850e+11 2.33833307e+11
 2.38118759e+11 2.42487828e+11 2.46942165e+11 2.51483452e+11
 2.56113401e+11 2.60833756e+11 2.65646292e+11 2.70552817e+11
 2.75555173e+11 2.80655234e+11 2.85854908e+11 2.91133952e+11
 2.96499826e+11 3.01957043e+11 3.07508799e+11 3.13157375e+11
 3.18904634e+11 3.24752601e+11 3.30703354e+11 3.36758994e+11
 3.42921624e+11 3.49193359e+11 3.55576291e+11 3.62072481e+11
 3.68683969e+11 3.75412775e+11 3.82260961e+11 3.89230619e+11
 3.96323862e+11 4.03542830e+11 4.10889682e+11 4.18366603e+11
 4.25975801e+11 4.33719506e+11 4.41599975e+11 4.49619488e+11
 4.57780349e+11 4.66084886e+11 4.74535454e+11 4.83136005e+11
 4.91894509e+11 5.00814713e+11 5.09899161e+11 5.19150027e+11
 5.28569440e+11 5.38159564e+11 5.47922626e+11 5.57860913e+11
 5.67976768e+11 5.78272578e+11 5.88750772e+11 5.99413818e+11
 6.10264213e+11 6.21304487e+11 6.32537195e+11 6.43964914e+11
 6.55590242e+11 6.67415794e+11 6.79412962e+11 6.91581570e+11
 7.03925976e+11 7.16450963e+11 7.29161153e+11 7.42035809e+11
 7.55020105e+11 7.68136610e+11 7.81398543e+11 7.94814093e+11
 8.08388735e+11 8.22126467e+11 8.36030466e+11 8.50103445e+11
 8.64347596e+11 8.78764961e+11 8.93357475e+11 9.08127008e+11
 9.23075386e+11 9.38204496e+11 9.53516448e+11 9.69013295e+11
 9.84696760e+11 1.00056857e+12 1.01663136e+12 1.03288858e+12
 1.04934236e+12 1.06599424e+12 1.08284549e+12 1.09989728e+12
 1.11715073e+12 1.13460697e+12 1.15226711e+12 1.17013227e+12
 1.18820359e+12 1.20648219e+12 1.22496921e+12 1.24366577e+12
 1.26257300e+12 1.28169198e+12 1.30102364e+12 1.32056890e+12
 1.34032871e+12 1.36030401e+12 1.38049573e+12 1.40090487e+12
 1.42153255e+12 1.44237987e+12 1.46344787e+12 1.48473758e+12
 1.50625000e+12 1.52798614e+12 1.54994696e+12 1.57213342e+12
 1.59454647e+12 1.61718704e+12 1.64005981e+12 1.66316886e+12
 1.68651492e+12 1.71009305e+12 1.73387196e+12 1.75787959e+12
 1.78212903e+12 1.80662603e+12 1.83137275e+12 1.85636970e+12
 1.88161662e+12 1.90711302e+12 1.93285831e+12 1.95885195e+12
 1.98509299e+12 2.01158066e+12 2.03831427e+12 2.06529317e+12
 2.09251678e+12 2.11998454e+12 2.14769590e+12 2.17565033e+12
 2.20384729e+12 2.23228625e+12 2.26096664e+12 2.28988792e+12
 2.31904949e+12 2.34846461e+12 2.36876237e+12 2.38892003e+12
 2.40891065e+12 2.42868300e+12 2.44819651e+12 2.46741654e+12
 2.48631212e+12 2.50485492e+12 2.52301872e+12 2.54077909e+12
 2.55811315e+12 2.57499950e+12 2.58673759e+12 2.59043345e+12
 2.59338159e+12 2.59550091e+12 2.59675783e+12 2.59708018e+12
 2.59626525e+12 2.59432563e+12 2.59127553e+12 2.58713103e+12
 2.58191008e+12 2.57563237e+12 2.54891662e+12 2.48816826e+12
 2.42746399e+12 2.36687505e+12 2.30652075e+12 2.24651449e+12
 2.18702638e+12 2.12821198e+12 2.07021283e+12 2.01314766e+12
 1.95712513e+12 1.90224649e+12 1.84859043e+12 1.79622664e+12
 1.74521482e+12 1.69560386e+12 1.64790843e+12 1.61442438e+12
 1.58139578e+12 1.54887423e+12 1.51689791e+12 1.48549792e+12
 1.45469977e+12 1.42452429e+12 1.39498829e+12 1.36587304e+12
 1.33693716e+12 1.30821849e+12 1.27975012e+12 1.25156189e+12
 1.22368105e+12 1.19613254e+12 1.16893940e+12 1.14212279e+12
 1.11570168e+12 1.08969228e+12 1.06410849e+12 1.03896276e+12
 1.01425145e+12 9.89670168e+11 9.65592917e+11 9.42024634e+11
 9.18968324e+11 8.96425273e+11 8.74395239e+11 8.52873693e+11
 8.31834369e+11 8.11282678e+11 7.91218710e+11 7.71638383e+11
 7.52536514e+11 7.33906968e+11 7.15742825e+11 6.98036534e+11
 6.80780048e+11 6.63964939e+11 6.47582493e+11 6.31623792e+11
 6.16079778e+11 6.00916736e+11 5.86102018e+11 5.71638110e+11
 5.57522785e+11 5.43751376e+11 5.30317968e+11 5.17216012e+11
 5.04438655e+11 4.91978917e+11 4.79829789e+11 4.67984232e+11
 4.56435184e+11 4.45175702e+11 4.34198961e+11 4.23498244e+11
 4.13066948e+11 4.02898580e+11 3.92978308e+11 3.83283410e+11
 3.73815633e+11 3.64574677e+11 3.55558783e+11 3.46765167e+11
 3.38189683e+11 3.29824826e+11 3.21669082e+11 3.13718629e+11
 3.05969297e+11 2.98416691e+11 2.91056287e+11 2.83883495e+11
 2.76893708e+11 2.70082355e+11 2.63444904e+11 2.56980078e+11
 2.50684240e+11 2.44551582e+11 2.38572054e+11 2.32722913e+11
 2.27021264e+11 2.21463267e+11 2.16045188e+11 2.10763392e+11
 2.05614340e+11 2.00594586e+11 1.95700773e+11 1.90929633e+11
 1.86277982e+11 1.81733552e+11 1.77289698e+11 1.72956759e+11
 1.68732072e+11 1.64612992e+11 1.60596900e+11 1.56681207e+11
 1.52863368e+11 1.49140883e+11 1.45511301e+11 1.41972228e+11
 1.38521321e+11 1.35156273e+11 1.31874835e+11 1.28674821e+11
 1.25554111e+11 1.22510646e+11 1.19542422e+11 1.16647497e+11
 1.13823981e+11 1.11070037e+11 1.08383879e+11 1.05763770e+11
 1.03177608e+11 1.00576734e+11 9.79844623e+10 9.54168125e+10
 9.28848630e+10 9.03962743e+10 8.79562995e+10 8.55684662e+10
 8.32350465e+10 8.09573885e+10 7.87361538e+10 7.65714902e+10
 7.44631603e+10 7.24106377e+10 7.04131799e+10 6.84698843e+10
 6.65797309e+10 6.47416157e+10 6.29543773e+10 6.12168168e+10
 5.95277133e+10 5.78858361e+10 5.62899463e+10 5.47387912e+10
 5.32311282e+10 5.17657397e+10 5.03414291e+10 4.89570246e+10
 4.76113887e+10 4.63034162e+10 4.50320323e+10 4.37961919e+10
 4.25948785e+10
