1.         0.99985869 0.99971696 0.99957174 0.99942318 0.99927137
 0.99911638 0.99895824 0.99879698 0.99863259 0.99846508 0.99829445
 0.99812075 0.99794393 0.99776398 0.99758085 0.99739451 0.99720491
 0.997012   0.99681575 0.9966161  0.996413   0.9962064  0.99599623
 0.99578245 0.99556499 0.9953438  0.9951188  0.99488992 0.99465711
 0.99442029 0.99417938 0.9939343  0.99368499 0.99343135 0.9931733
 0.99291077 0.99264366 0.9923719  0.99209538 0.99181403 0.99152774
 0.99123643 0.99094    0.99063835 0.99033137 0.99001898 0.98970105
 0.9893775  0.9890482  0.98871305 0.98837193 0.98802473 0.98767134
 0.98731162 0.98694546 0.98657274 0.98619333 0.98580709 0.9854139
 0.98501362 0.98460611 0.98419124 0.98376885 0.98333881 0.98290097
 0.98245517 0.98200126 0.98153908 0.98106848 0.98058927 0.98010131
 0.97960442 0.97909841 0.97858313 0.97805837 0.97752397 0.97697973
 0.97642546 0.97586096 0.97528604 0.97470048 0.97410409 0.97349665
 0.97287799 0.97224793 0.97160627 0.97095281 0.97028735 0.96960968
 0.96891958 0.96821684 0.96750122 0.96677251 0.96603048 0.96527488
 0.96450547 0.96372202 0.96292427 0.96211196 0.96128485 0.96044266
 0.95958513 0.95871199 0.95782296 0.95691776 0.95599611 0.95505771
 0.95410227 0.95312949 0.95213906 0.95113067 0.950104   0.94905873
 0.9479945  0.94691096 0.94580777 0.94468456 0.94354097 0.94237663
 0.94119118 0.93998423 0.9387554  0.9375043  0.93623055 0.93493374
 0.93361346 0.93226932 0.9309009  0.92950777 0.92807621 0.9266047
 0.92509256 0.92353914 0.92194374 0.92030564 0.91862422 0.91689904
 0.91512959 0.91331531 0.91145559 0.90954981 0.90759732 0.90559747
 0.90354964 0.90145318 0.89930745 0.8971118  0.89486557 0.89256805
 0.89021852 0.88781623 0.88536041 0.88285031 0.88028517 0.87766419
 0.87498659 0.87225157 0.86945831 0.866606   0.86369383 0.86072095
 0.85768655 0.85458978 0.85142981 0.84820577 0.84491682 0.8415621
 0.83814074 0.83465187 0.83109465 0.82746822 0.82377173 0.82000431
 0.81616509 0.8122532  0.80826769 0.80420766 0.80007216 0.79586025
 0.79157098 0.78720341 0.78275656 0.77822949 0.77362121 0.76893074
 0.76415711 0.7592993  0.75435629 0.74932705 0.74421056 0.73900593
 0.73371217 0.7283282  0.72285293 0.71728526 0.71162409 0.70586829
 0.70001675 0.69406837 0.68802209 0.68187688 0.67563167 0.66928543
 0.66283711 0.65628567 0.64963005 0.64286921 0.63600209 0.62902766
 0.62194485 0.61475261 0.60744989 0.60003563 0.59250872 0.58490903
 0.57723689 0.56949288 0.56167785 0.55379281 0.54583897 0.53781767
 0.52973039 0.52157872 0.51336436 0.50508909 0.49675482 0.48838396
 0.48001146 0.47164016 0.46327329 0.45491431 0.44656704 0.43823621
 0.42992648 0.42164243 0.41338859 0.40516946 0.39698951 0.388938
 0.38116327 0.37366396 0.36643856 0.35948512 0.35280132 0.34638415
 0.34022992 0.33433435 0.32869263 0.32329953 0.3181494  0.31323628
 0.30855394 0.30409589 0.29985547 0.29582379 0.2919382  0.28819658
 0.28459657 0.28113559 0.27781092 0.27461969 0.27155892 0.26859457
 0.26569209 0.2628511  0.26007114 0.25735167 0.2546921  0.25209178
 0.24954999 0.247066   0.24463899 0.24226812 0.23995252 0.23769129
 0.2354835  0.23332821 0.23122516 0.22917328 0.22717148 0.22521867
 0.22331377 0.22145568 0.21964332 0.21787567 0.2161517  0.21447036
 0.21283062 0.21123148 0.20967193 0.20815098 0.20666765 0.20522099
 0.20381007 0.20243396 0.20109175 0.19978259 0.19850564 0.19726017
 0.19604544 0.1948607  0.19370523 0.19257831 0.19147922 0.19040729
 0.18936183 0.1883422  0.18734773 0.18637781 0.18543181 0.18450913
 0.1836092  0.18273143 0.18187527 0.18104019 0.18022572 0.17943136
 0.17865664 0.17790108 0.1771642  0.17644555 0.17574467 0.17506112
 0.17439447 0.17374428 0.17311015 0.17249165 0.1718884  0.1713
 0.17072608 0.17016626 0.16962018 0.16908747 0.1685678  0.16806083
 0.1675663  0.16708388 0.16661327 0.16615417 0.1657063  0.16526937
 0.16484311 0.16442724 0.16402152 0.16362568 0.16323949 0.16286275
 0.16249522 0.16213666 0.16178686 0.16144559 0.16111264 0.16078781
 0.16047088 0.16016167 0.15985998 0.15956562 0.15927842 0.15899818
 0.15872475 0.15845795 0.15819761 0.15794358 0.15769571 0.15745383
 0.15721781 0.15698749 0.15676274 0.15654349 0.15632977 0.15612155
 0.15591879 0.15572141 0.15552932 0.15534241 0.15516058 0.1549837
 0.15481167 0.15464435 0.15448164 0.1543234  0.15416953 0.1540199
 0.15387441 0.15373292 0.15359535 0.15346157 0.15333148 0.15320499
 0.15308198 0.15296236 0.15284604 0.15273293 0.15262293 0.15251595
 0.15241192 0.15231074 0.15221235 0.15211665 0.15202359
