6.21013235e+09 6.21013235e+09 6.05862662e+09 6.02001227e+09
 6.05009645e+09 6.12135684e+09 6.21715806e+09 6.32753704e+09
 6.44658232e+09 6.57082560e+09 6.69826360e+09 6.82749136e+09
 6.95705907e+09 7.08718165e+09 7.21802711e+09 7.34973668e+09
 7.48243613e+09 7.61624195e+09 7.75126476e+09 7.88761098e+09
 8.02538369e+09 8.16468305e+09 8.30560647e+09 8.44824874e+09
 8.59270206e+09 8.73905616e+09 8.89014872e+09 9.05038377e+09
 9.21679934e+09 9.38779465e+09 9.56252606e+09 9.74056886e+09
 9.92172878e+09 1.01059374e+10 1.02919200e+10 1.04802218e+10
 1.06712823e+10 1.08653785e+10 1.10626967e+10 1.12633732e+10
 1.14675166e+10 1.16752201e+10 1.18865690e+10 1.21016443e+10
 1.23205247e+10 1.25432880e+10 1.27700121e+10 1.30007750e+10
 1.32356551e+10 1.34747317e+10 1.37180848e+10 1.39657953e+10
 1.42179453e+10 1.44746178e+10 1.47358969e+10 1.50018680e+10
 1.52726175e+10 1.55482334e+10 1.58288046e+10 1.61144217e+10
 1.64051764e+10 1.67011619e+10 1.70024414e+10 1.73090465e+10
 1.76210452e+10 1.79385232e+10 1.82615755e+10 1.85903019e+10
 1.89248050e+10 1.92651894e+10 1.96115612e+10 1.99640279e+10
 2.03226983e+10 2.06876825e+10 2.10590922e+10 2.14370403e+10
 2.18216411e+10 2.22130105e+10 2.26112656e+10 2.30165252e+10
 2.34289094e+10 2.38485396e+10 2.42755388e+10 2.47328731e+10
 2.52064109e+10 2.56903459e+10 2.61805670e+10 2.66753641e+10
 2.71761217e+10 2.76835548e+10 2.81980901e+10 2.87200235e+10
 2.92495855e+10 2.97869705e+10 3.03323784e+10 3.08860284e+10
 3.14481501e+10 3.20189827e+10 3.25986890e+10 3.31874032e+10
 3.37852486e+10 3.43923444e+10 3.50088082e+10 3.56347570e+10
 3.62703075e+10 3.69155766e+10 3.75706810e+10 3.82357374e+10
 3.89108626e+10 3.95961730e+10 4.03000098e+10 4.10438406e+10
 4.18068732e+10 4.25826181e+10 4.33690686e+10 4.41657107e+10
 4.49724740e+10 4.57894157e+10 4.66166257e+10 4.74541986e+10
 4.83022249e+10 4.91607959e+10 5.00299966e+10 5.09099045e+10
 5.18005886e+10 5.27021095e+10 5.36145195e+10 5.45378625e+10
 5.54721738e+10 5.64174809e+10 5.73556642e+10 5.82975758e+10
 5.92467031e+10 6.02038910e+10 6.11694312e+10 6.22064216e+10
 6.34504431e+10 6.48111552e+10 6.62408192e+10 6.77143275e+10
 6.92185441e+10 7.07466357e+10 7.22950710e+10 7.38620404e+10
 7.54470100e+10 7.70497280e+10 7.86700757e+10 8.03079739e+10
 8.19633453e+10 8.36359568e+10 8.53251646e+10 8.70304638e+10
 8.87521207e+10 9.05023895e+10 9.22939643e+10 9.41135816e+10
 9.59548458e+10 9.78146599e+10 9.96915027e+10 1.01584602e+11
 1.03493539e+11 1.05418061e+11 1.07357989e+11 1.09313180e+11
 1.11283503e+11 1.13268831e+11 1.15269036e+11 1.17283989e+11
 1.19313554e+11 1.21357646e+11 1.23416408e+11 1.25489787e+11
 1.27577653e+11 1.29679849e+11 1.31796205e+11 1.33926419e+11
 1.36070009e+11 1.38226713e+11 1.40396349e+11 1.42578758e+11
 1.44773792e+11 1.46981304e+11 1.49201150e+11 1.51433185e+11
 1.53677271e+11 1.55974296e+11 1.58322913e+11 1.60691360e+11
 1.63070604e+11 1.65505451e+11 1.68320044e+11 1.71341873e+11
 1.74482409e+11 1.77696191e+11 1.80959861e+11 1.84261415e+11
 1.87594690e+11 1.90956532e+11 1.94345339e+11 1.97760332e+11
 2.01201772e+11 2.04669795e+11 2.08164490e+11 2.11685923e+11
 2.15234154e+11 2.18809232e+11 2.22411200e+11 2.26040090e+11
 2.29695921e+11 2.33378698e+11 2.37088412e+11 2.40825041e+11
 2.44784387e+11 2.48881617e+11 2.53049404e+11 2.56833058e+11
 2.60417839e+11 2.63890577e+11 2.67290763e+11 2.70636399e+11
 2.73935639e+11 2.77192044e+11 2.80406989e+11 2.83580763e+11
 2.86713097e+11 2.89803425e+11 2.92851008e+11 2.95637258e+11
 2.97945668e+11 3.00084330e+11 3.02077413e+11 3.03938738e+11
 3.05673937e+11 3.07277137e+11 3.08745830e+11 3.10079258e+11
 3.11277583e+11 3.12342272e+11 3.13275219e+11 3.13144600e+11
 3.10756545e+11 3.07034358e+11 3.02548195e+11 2.97864888e+11
 2.93015563e+11 2.88034998e+11 2.82743011e+11 2.77212304e+11
 2.71542982e+11 2.65791629e+11 2.60026338e+11 2.54290913e+11
 2.48613906e+11 2.43014983e+11 2.37508272e+11 2.32127667e+11
 2.27501279e+11 2.23380583e+11 2.19611789e+11 2.16092027e+11
 2.12751090e+11 2.09540116e+11 2.06424461e+11 2.03379659e+11
 2.00560419e+11 1.97860732e+11 1.95218906e+11 1.92597092e+11
 1.89970957e+11 1.87324251e+11 1.84645039e+11 1.81924277e+11
 1.79126320e+11 1.76229033e+11 1.73250629e+11 1.70202974e+11
 1.67094355e+11 1.63930308e+11 1.60698962e+11 1.57413089e+11
 1.54082411e+11 1.50714790e+11 1.47316931e+11 1.43894816e+11
 1.40453808e+11 1.36997781e+11 1.33539497e+11 1.30097108e+11
 1.26682110e+11 1.23301977e+11 1.19961726e+11 1.16664858e+11
 1.13413915e+11 1.10210819e+11 1.07057080e+11 1.03953919e+11
 1.00902343e+11 9.80338242e+10 9.54476490e+10 9.30359124e+10
 9.07398165e+10 8.85269319e+10 8.63790506e+10 8.42857199e+10
 8.22407683e+10 8.02404191e+10 7.82822566e+10 7.63647651e+10
 7.44870555e+10 7.26483795e+10 7.08480951e+10 6.90856386e+10
 6.73604789e+10 6.56721078e+10 6.40200322e+10 6.24033731e+10
 6.08206402e+10 5.92710920e+10 5.77543460e+10 5.62701680e+10
 5.48183621e+10 5.33986882e+10 5.20107179e+10 5.06541702e+10
 4.93287437e+10 4.80341019e+10 4.67698696e+10 4.55356343e+10
 4.43309514e+10 4.31550818e+10 4.20073989e+10 4.08873455e+10
 3.97944763e+10 3.87286444e+10 3.76897187e+10 3.66771033e+10
 3.56893746e+10 3.47262861e+10 3.37874612e+10 3.28724502e+10
 3.19807639e+10 3.11118942e+10 3.02653257e+10 2.94405437e+10
 2.86370383e+10 2.78543067e+10 2.70914803e+10 2.63477273e+10
 2.56230327e+10 2.49172125e+10 2.42299797e+10 2.35609853e+10
 2.29098443e+10 2.22761518e+10 2.16594933e+10 2.10594519e+10
 2.04756122e+10 1.99076538e+10 1.93552512e+10 1.88179611e+10
 1.82952774e+10 1.77867456e+10 1.72919476e+10 1.68104926e+10
 1.63420100e+10 1.58861464e+10 1.54425622e+10 1.50109146e+10
 1.45908002e+10 1.41807652e+10 1.37780462e+10 1.33815631e+10
 1.29911214e+10 1.26069573e+10 1.22294838e+10 1.18591529e+10
 1.14963847e+10 1.11415353e+10 1.07948852e+10 1.04566396e+10
 1.01269334e+10 9.80584030e+09 9.49338043e+09 9.18952953e+09
 8.89422829e+09 8.60738956e+09 8.32890204e+09 8.05863439e+09
 7.79643906e+09 7.54215590e+09 7.29559097e+09 7.05649325e+09
 6.82463428e+09 6.59981532e+09 6.38186728e+09 6.17062217e+09
 5.96590506e+09 5.76753799e+09 5.57534269e+09 5.38914229e+09
 5.20876249e+09
