1.60000000e+09 1.60361853e+09 1.60776787e+09 1.61288403e+09
 1.61872429e+09 1.62509592e+09 1.63184912e+09 1.63886945e+09
 1.64607070e+09 1.65338878e+09 1.66077677e+09 1.66819505e+09
 1.67560160e+09 1.68298791e+09 1.69034881e+09 1.69768164e+09
 1.70498564e+09 1.71226144e+09 1.71951072e+09 1.72673586e+09
 1.73393977e+09 1.74112572e+09 1.74829717e+09 1.75545774e+09
 1.76261108e+09 1.76976086e+09 1.77691071e+09 1.78406513e+09
 1.79122990e+09 1.79840971e+09 1.80560849e+09 1.81282969e+09
 1.82007639e+09 1.82735145e+09 1.83465753e+09 1.84199671e+09
 1.84937115e+09 1.85678306e+09 1.86423468e+09 1.87172827e+09
 1.87926611e+09 1.88685044e+09 1.89448352e+09 1.90216759e+09
 1.90990491e+09 1.91769772e+09 1.92554825e+09 1.93345875e+09
 1.94143146e+09 1.94946862e+09 1.95757249e+09 1.96574533e+09
 1.97398940e+09 1.98230698e+09 1.99070036e+09 1.99917184e+09
 2.00772373e+09 2.01635838e+09 2.02507812e+09 2.03388533e+09
 2.04278239e+09 2.05175964e+09 2.06080078e+09 2.06990850e+09
 2.07908533e+09 2.08833364e+09 2.09765573e+09 2.10705379e+09
 2.11652998e+09 2.12608639e+09 2.13572511e+09 2.14544820e+09
 2.15525771e+09 2.16515569e+09 2.17514418e+09 2.18522526e+09
 2.19540097e+09 2.20567342e+09 2.21604470e+09 2.22651693e+09
 2.23709225e+09 2.24777283e+09 2.26597577e+09 2.28408010e+09
 2.30214939e+09 2.32023146e+09 2.33836316e+09 2.35657273e+09
 2.37488211e+09 2.39330909e+09 2.41186814e+09 2.43057109e+09
 2.44942769e+09 2.46845470e+09 2.48767538e+09 2.50709647e+09
 2.52672402e+09 2.54656349e+09 2.56662003e+09 2.58689855e+09
 2.60740375e+09 2.62814022e+09 2.64911247e+09 2.67032496e+09
 2.69178214e+09 2.71348846e+09 2.73544839e+09 2.75766643e+09
 2.78014712e+09 2.80289506e+09 2.82591486e+09 2.84921385e+09
 2.87274316e+09 2.89647349e+09 2.92041130e+09 2.94456193e+09
 2.96892999e+09 2.99351963e+09 3.01833466e+09 3.04337865e+09
 3.06865695e+09 3.09417474e+09 3.11993710e+09 3.14594897e+09
 3.17221527e+09 3.19874082e+09 3.22553043e+09 3.25258889e+09
 3.27992095e+09 3.30753133e+09 3.33536553e+09 3.36341499e+09
 3.39167842e+09 3.42015626e+09 3.44884984e+09 3.47773400e+09
 3.50674492e+09 3.53589633e+09 3.56519633e+09 3.59465005e+09
 3.62426102e+09 3.65403185e+09 3.68396463e+09 3.71414589e+09
 3.74457900e+09 3.77526584e+09 3.80620261e+09 3.83738189e+09
 3.86875998e+09 3.90025277e+09 3.93186334e+09 3.96359410e+09
 3.99544673e+09 4.02742245e+09 4.05952415e+09 4.09175319e+09
 4.12410982e+09 4.15659379e+09 4.18920443e+09 4.22194075e+09
 4.25480154e+09 4.28778533e+09 4.32089052e+09 4.35411529e+09
 4.38745770e+09 4.42091565e+09 4.45448687e+09 4.48816898e+09
 4.52197128e+09 4.55595268e+09 4.59010908e+09 4.62443671e+09
 4.65893202e+09 4.69359162e+09 4.72838237e+09 4.76323786e+09
 4.79815530e+09 4.83313151e+09 4.86816296e+09 4.90324583e+09
 4.93837606e+09 4.97354933e+09 5.00876113e+09 5.04400673e+09
 5.07928121e+09 5.11457947e+09 5.14989746e+09 5.18523106e+09
 5.22057503e+09 5.25592201e+09 5.29125534e+09 5.32657494e+09
 5.36187837e+09 5.39716149e+09 5.43241886e+09 5.46764397e+09
 5.50282936e+09 5.53796673e+09 5.57305192e+09 5.60822387e+09
 5.64347557e+09 5.67880021e+09 5.71419114e+09 5.74964169e+09
 5.78514513e+09 5.82069456e+09 5.85628288e+09 5.89190270e+09
 5.92754630e+09 5.96320560e+09 5.99887212e+09 6.03453692e+09
 6.07018798e+09 6.10581951e+09 6.14142386e+09 6.17641295e+09
 6.21106573e+09 6.24544742e+09 6.27960581e+09 6.31357457e+09
 6.34737600e+09 6.38102330e+09 6.41452238e+09 6.44787335e+09
 6.48107162e+09 6.51410888e+09 6.54693064e+09 6.57922119e+09
 6.61054314e+09 6.64098787e+09 6.67073809e+09 6.69990939e+09
 6.72850987e+09 6.75653173e+09 6.78396350e+09 6.81079094e+09
 6.83717589e+09 6.86321308e+09 6.88888961e+09 6.91334009e+09
 6.93521363e+09 6.95482770e+09 6.97243409e+09 6.98822410e+09
 7.00236934e+09 7.01489773e+09 7.02579482e+09 7.03511252e+09
 7.04293210e+09 7.04933136e+09 7.05436977e+09 7.05810476e+09
 7.06059239e+09 7.06188734e+09 7.06204316e+09 7.06114020e+09
 7.05997832e+09 7.05847497e+09 7.05655949e+09 7.05417574e+09
 7.05128125e+09 7.04784578e+09 7.04385156e+09 7.03912178e+09
 7.03342816e+09 7.02676294e+09 7.01912557e+09 7.01052327e+09
 7.00097056e+09 6.99022444e+09 6.97800961e+09 6.96439195e+09
 6.94943995e+09 6.93322184e+09 6.91580594e+09 6.89726280e+09
 6.87766395e+09 6.85707939e+09 6.83554229e+09 6.81313015e+09
 6.78991845e+09 6.76598022e+09 6.74138578e+09 6.71620260e+09
 6.69049485e+09 6.66431343e+09 6.63769897e+09 6.61069105e+09
 6.58332997e+09 6.55565565e+09 6.52770703e+09 6.49952167e+09
 6.47113551e+09 6.44258277e+09 6.41389587e+09 6.38510548e+09
 6.35624047e+09 6.32720130e+09 6.29772918e+09 6.26784199e+09
 6.23760283e+09 6.20705922e+09 6.17624968e+09 6.14520729e+09
 6.11396163e+09 6.08253977e+09 6.05102204e+09 6.01953820e+09
 5.98810478e+09 5.95674306e+09 5.92547681e+09 5.89431960e+09
 5.86328421e+09 5.83238269e+09 5.80162636e+09 5.77102360e+09
 5.74057784e+09 5.71029439e+09 5.68017974e+09 5.65024100e+09
 5.62048551e+09 5.59092036e+09 5.56155135e+09 5.53238484e+09
 5.50342700e+09 5.47468365e+09 5.44616017e+09 5.41786146e+09
 5.38961944e+09 5.36145446e+09 5.33338997e+09 5.30544681e+09
 5.27770575e+09 5.25025900e+09 5.22310641e+09 5.19624624e+09
 5.16966950e+09 5.14337667e+09 5.11736856e+09 5.09164604e+09
 5.06620997e+09 5.04106113e+09 5.01620014e+09 4.99162749e+09
 4.96734348e+09 4.94334824e+09 4.91967482e+09 4.89644454e+09
 4.87364065e+09 4.85124851e+09 4.82925510e+09 4.80764868e+09
 4.78641857e+09 4.76555491e+09 4.74504857e+09 4.72489104e+09
 4.70515997e+09 4.68587030e+09 4.66692390e+09 4.64822889e+09
 4.62977943e+09 4.61156987e+09 4.59359477e+09 4.57584897e+09
 4.55832759e+09 4.54102604e+09 4.52392313e+09 4.50692874e+09
 4.49004829e+09 4.47326189e+09 4.45651197e+09 4.43976572e+09
 4.42300751e+09 4.40623354e+09 4.38944780e+09 4.37265934e+09
 4.35588022e+09 4.33912409e+09 4.32240525e+09 4.30573793e+09
 4.28913590e+09 4.27261218e+09 4.25617885e+09 4.23984698e+09
 4.22362655e+09 4.20752641e+09 4.19155441e+09 4.17571747e+09
 4.16002166e+09 4.14443202e+09 4.12885412e+09 4.11329455e+09
 4.09778884e+09 4.08237305e+09 4.06704531e+09 4.05180381e+09
 4.03664680e+09 4.02157267e+09 4.00657989e+09 3.99166706e+09
 3.97685768e+09
