0.05       0.05       0.05       0.05       0.05       0.05
 0.05       0.05       0.05       0.05       0.05       0.05
 0.05       0.05       0.05       0.05       0.05       0.05
 0.05       0.05       0.05       0.05       0.05       0.05
 0.05       0.05       0.05       0.05       0.05       0.05
 0.05       0.05       0.05       0.05       0.05       0.05
 0.05       0.05       0.05       0.05       0.05       0.05
 0.05       0.05       0.05       0.05       0.05       0.05
 0.05       0.05       0.05       0.05       0.05       0.05
 0.05       0.05       0.05       0.05       0.05       0.05
 0.05       0.05       0.05       0.05       0.05       0.05
 0.05       0.05       0.05       0.05       0.05       0.05
 0.05       0.05       0.05       0.05       0.05       0.05
 0.05       0.05       0.05       0.05       0.05       0.05
 0.05       0.05       0.05       0.05       0.05       0.05
 0.05       0.05       0.05       0.05       0.05       0.05
 0.05       0.05       0.05       0.05       0.05       0.05
 0.05       0.05       0.05       0.05       0.05       0.05
 0.05       0.05       0.05       0.05       0.05       0.05
 0.05       0.05       0.05       0.05       0.05       0.05
 0.05       0.05       0.05       0.05       0.05       0.05
 0.05       0.05       0.05       0.05       0.05       0.05
 0.05       0.05       0.05       0.05       0.05       0.05
 0.05       0.05       0.05       0.05       0.05       0.05
 0.05       0.05       0.05       0.05       0.05       0.05
 0.05       0.05       0.05       0.05       0.05       0.05
 0.05       0.05       0.05       0.05       0.05       0.05
 0.05       0.05       0.05       0.05       0.05       0.05
 0.05       0.05       0.05       0.05       0.05       0.05
 0.05       0.05       0.05       0.05       0.05       0.05
 0.05       0.05       0.05       0.05       0.05       0.05
 0.05       0.05       0.05       0.05       0.05       0.05
 0.05       0.05       0.05       0.05       0.05       0.05
 0.05       0.05       0.05       0.05       0.05       0.05
 0.05       0.05       0.05       0.05       0.05       0.05
 0.05       0.05       0.05       0.05       0.05374564 0.05754549
 0.06138156 0.06525356 0.06916108 0.0731036  0.07708052 0.08109116
 0.0851348  0.08921064 0.09331782 0.09745545 0.10324518 0.11161604
 0.11998854 0.12835984 0.13672671 0.14508569 0.15343296 0.16176379
 0.17007352 0.17835757 0.18661141 0.19483054 0.20903146 0.23318599
 0.25651019 0.27900812 0.30068433 0.32154463 0.34159603 0.36084755
 0.37931023 0.39699695 0.41392211 0.43010142 0.4455518  0.46029115
 0.47433819 0.48771233 0.50028906 0.50835242 0.5161236  0.52360684
 0.53080686 0.53772881 0.54437816 0.55076063 0.55688216 0.56281086
 0.56861582 0.5742978  0.57985773 0.58529667 0.5906158  0.59581645
 0.60090001 0.605868   0.61072203 0.61546376 0.62009495 0.62461741
 0.629033   0.63334357 0.63754967 0.64165344 0.64565704 0.64956266
 0.65337247 0.65708865 0.66071336 0.66424866 0.66769661 0.67105929
 0.67433875 0.67753703 0.68065614 0.68369804 0.6866647  0.68955801
 0.69237986 0.69513209 0.69781649 0.70043483 0.70298873 0.70547966
 0.70790912 0.71027859 0.71258954 0.71484339 0.71704156 0.71918542
 0.72127633 0.72331561 0.72530454 0.72724439 0.72913639 0.73098173
 0.7327816  0.73453713 0.73624945 0.73791961 0.73954857 0.74113728
 0.74268672 0.74419785 0.7456716  0.74710891 0.74851066 0.74987776
 0.75121106 0.75251143 0.7537797  0.75501669 0.7562232  0.75739999
 0.75854784 0.75966748 0.76075965 0.76182506 0.7628644  0.76387833
 0.76486741 0.76583225 0.76677346 0.76769166 0.7685874  0.76946126
 0.77031379 0.77114552 0.77195697 0.77274865 0.77352102 0.7742745
 0.77500956 0.77572668 0.77642628 0.77710882 0.77777471 0.77842438
 0.77905823 0.77967665 0.78028004 0.78086875 0.78144317 0.78200363
 0.7825505  0.78308411 0.78360478 0.78411283 0.78460858 0.78509234
 0.78556438 0.78602502 0.78647451 0.78691302 0.78734047 0.7877569
 0.78816242 0.78855718 0.78894137 0.78931518 0.78967885 0.7900326
 0.79037667 0.79071129 0.79103672 0.79135319 0.79166094 0.79196019
 0.79225119 0.79253415 0.79280931 0.79307686 0.79333703 0.79359003
 0.79383604 0.79407527 0.79430791 0.79453415 0.79475415 0.7949681
 0.79517617 0.79537852 0.79557531 0.79576669 0.79595283
