41.5625      41.59089981  42.50534446  43.34572683  44.13266474
  44.88134278  45.60287603  46.30549166  46.9953566   47.67715571
  48.34913326  49.00146548  49.65713021  50.31713161  50.98235018
  51.65356181  52.33145417  53.01664054  53.7096715   54.41104462
  55.12121257  55.84058988  56.56955854  57.3084727   58.05766261
  58.81743788  59.58809029  60.37000104  61.16368866  61.96950486
  62.78771016  63.61851555  64.46210543  65.31864993  66.18831154
  67.07119265  67.96742128  68.87714342  69.80051374  70.73769047
  71.68883273  72.65409901  73.63364652  74.62763081  75.63620561
  76.65952281  77.69773243  78.75098262  79.81941972  80.90318822
  82.00243077  83.11728818  84.24789938  85.39440137  86.5569292
  87.73561589  88.93059237  90.14198739  91.36992746  92.6145367
  93.87593681  95.15480653  96.4521698   97.76820402  99.10308733
 100.4569999  101.83012415 103.22264453 104.63474707 106.06661897
 107.51844817 108.99042295 110.48273159 111.99556206 113.52910176
 115.08353726 116.65905408 118.25583646 119.8740672  121.51392746
 123.17559655 124.85925182 126.15091123 127.4622338  128.79260904
 130.14091432 131.50600591 132.88678546 134.28230101 135.6918762
 137.11502237 138.55138597 140.00071381 141.46233252 142.93516522
 144.41904605 145.91382614 147.41936603 148.93554798 150.46226626
 151.99942154 153.54691728 155.10465714 156.67254318 158.2504744
 159.83834576 161.43604745 163.04346439 164.66047592 166.28695562
 167.92277133 169.56817947 171.22815416 172.90498789 174.59840669
 176.3080686  178.03364882 179.77485706 181.53143614 183.3031564
 185.08969148 186.89073043 188.70597512 190.53513658 192.37793197
 194.23408221 196.10331013 197.98533897 199.87989132 201.78668832
 203.6997009  205.61886412 207.54502341 209.47901463 211.42154269
 213.36761532 215.30511114 217.23957352 219.17405704 221.11028394
 223.04925924 224.99159821 226.93770139 228.88262102 230.82637493
 232.76902849 234.71096187 236.65275785 238.59722235 240.54966472
 242.51006854 244.47843847 246.45473392 248.43894148 250.43116508
 252.43178993 254.44093493 256.45860276 258.4847566  260.5193539
 262.56236006 264.61375336 266.67352593 268.74168336 270.81824377
 272.90323696 274.99670362 277.09869479 279.20853953 281.32249688
 283.44067912 285.56318922 287.69011962 289.82155325 291.95941157
 294.10768609 296.26647317 298.43588244 300.61603935 302.80708479
 305.00917404 307.22247561 309.44717035 311.68345082 313.93152083
 316.19159525 318.46455623 320.75115717 323.05156235 325.36499737
 327.68631382 330.02062432 332.37028371 334.73633108 337.11921031
 339.51912511 341.93621112 344.37061706 346.82223361 349.28205261
 351.75008168 354.22634868 356.71090067 359.20380469 361.70514934
 364.21504669 366.73363418 369.2610765  371.79756729 374.34333081
 376.89862343 379.46373505 382.03915636 384.62725714 385.70247202
 386.78113834 387.84175778 388.87253934 389.86468058 390.81134038
 391.70707963 392.54752766 393.32916375 394.04916206 394.70527483
 395.29574093 395.10691862 393.7294969  392.30991144 390.83054434
 389.27593883 387.62915005 385.86036154 383.97298133 381.97073648
 379.85764798 377.62815019 375.2808405  370.0039865  359.90826876
 350.0200743  340.32116265 330.80567216 321.47144377 312.32662468
 303.38460595 294.65887952 286.15713793 277.88499145 269.84779081
 262.04898334 254.49135412 247.17682622 240.10633057 233.3472619
 228.63508428 223.99442425 219.43468452 214.96281819 210.58419541
 206.30289917 202.1219438  198.04339757 194.04026273 190.0832897
 186.17655132 182.32329705 178.52617249 174.78734441 171.11504141
 167.51759641 163.99461668 160.54555294 157.16968329 153.86615763
 150.63406958 147.47034113 144.3282354  141.26061645 138.26605578
 135.34305755 132.49008183 129.70556318 126.9874874  124.33076888
 121.73537255 119.2007521  116.72582741 114.30940233 111.95020106
 109.64689767 107.39813932 105.20256402 103.05881391 100.96554501
  98.92143421  96.92518415  94.97354479  93.06561157  91.20174235
  89.38093677  87.60209255  85.86407549  84.16575509  82.50602228
  80.88379781  79.29731317  77.74420845  76.22364682  74.73474989
  73.27662809  71.84853766  70.44975699  69.07958569  67.73588714
  66.41515202  65.11811941  63.84516315  62.59639657  61.37174806
  60.17090209  58.99293934  57.83801351  56.705858    55.59613971
  54.50848117  53.44247647  52.39770287  51.37537287  50.37482966
  49.395395    48.43702833  47.49871473  46.57895581  45.67627672
  44.78673676  43.9140769   43.05795226  42.21802391  41.39395991
  40.58543588  39.79213519  39.01374902  38.24997632  37.50052368
  36.76325098  36.03687331  35.32292814  34.62136089  33.93208821
  33.25500445  32.58998679  31.93689935  31.29559631  30.66592446
  30.04772517  29.44029996  28.84336628  28.25733556  27.68254838
  27.11881058  26.56593071  26.02371963  25.49199027  24.97055749
  24.45923803  23.95794002  23.46692757  22.9791756   22.48398079
  21.98680559  21.49140712  21.00038552  20.51554315  20.03812405
  19.5689761   19.10866283  18.65754167  18.21581952  17.78359285
  17.36087687  16.94762702  16.54375493  16.14914042  15.76364059
  15.3870967   15.01933916  14.66019125  14.30947197  13.96713369
  13.63330957  13.30777325  12.99020772  12.68030606  12.37788745
  12.08277272  11.79478686  11.51375843  11.2395194   10.97190503
  10.71068717
