7.24568080e+09 6.66230481e+09 6.98613783e+09 7.24891644e+09
 7.47222616e+09 7.67149764e+09 7.85632704e+09 8.03265030e+09
 8.20413855e+09 8.37307519e+09 8.53959298e+09 8.70157050e+09
 8.86491606e+09 9.02968729e+09 9.19597504e+09 9.36388876e+09
 9.53354756e+09 9.70507483e+09 9.87859510e+09 1.00542321e+10
 1.02321079e+10 1.04123419e+10 1.05950512e+10 1.07803503e+10
 1.09683510e+10 1.11591627e+10 1.13513714e+10 1.15428239e+10
 1.17357565e+10 1.19314415e+10 1.21306099e+10 1.23336914e+10
 1.25409491e+10 1.27525549e+10 1.29694764e+10 1.31914196e+10
 1.34181819e+10 1.36496880e+10 1.38859343e+10 1.41269586e+10
 1.43728221e+10 1.46236004e+10 1.48793775e+10 1.51402435e+10
 1.54062924e+10 1.56776216e+10 1.59543316e+10 1.62365254e+10
 1.65243087e+10 1.68177897e+10 1.71170793e+10 1.74222911e+10
 1.77335413e+10 1.80509490e+10 1.83746360e+10 1.87047270e+10
 1.90413498e+10 1.93846350e+10 1.97347164e+10 2.00917310e+10
 2.04558187e+10 2.08269768e+10 2.12051562e+10 2.15905806e+10
 2.19834394e+10 2.23839068e+10 2.27921508e+10 2.32083382e+10
 2.36326369e+10 2.40652176e+10 2.45062537e+10 2.49559223e+10
 2.54144042e+10 2.58818841e+10 2.63585508e+10 2.68445972e+10
 2.73402202e+10 2.78456214e+10 2.83610067e+10 2.88865863e+10
 2.94225754e+10 2.99691934e+10 3.06338835e+10 3.12760474e+10
 3.19143981e+10 3.25573002e+10 3.32106115e+10 3.38771019e+10
 3.45558981e+10 3.52468533e+10 3.59501024e+10 3.66658862e+10
 3.73944843e+10 3.81363212e+10 3.88919066e+10 3.96617517e+10
 4.04463904e+10 4.12459717e+10 4.20607462e+10 4.28910059e+10
 4.37370628e+10 4.45992404e+10 4.54778713e+10 4.63732964e+10
 4.72858644e+10 4.82159322e+10 4.91638645e+10 5.01300343e+10
 5.11148227e+10 5.21186192e+10 5.31318781e+10 5.41298865e+10
 5.51405735e+10 5.61724820e+10 5.72286248e+10 5.83099857e+10
 5.94169800e+10 6.05498906e+10 6.17089946e+10 6.28945957e+10
 6.41070659e+10 6.53467989e+10 6.66142161e+10 6.79097668e+10
 6.92339270e+10 7.05871979e+10 7.19701044e+10 7.33831939e+10
 7.48270354e+10 7.62103229e+10 7.76356704e+10 7.90934324e+10
 8.05795001e+10 8.20937026e+10 8.37952879e+10 8.58981270e+10
 8.79106795e+10 8.98902955e+10 9.18675035e+10 9.38585270e+10
 9.58719989e+10 9.79125463e+10 9.99826868e+10 1.02085803e+11
 1.04222595e+11 1.06393541e+11 1.08598911e+11 1.10838879e+11
 1.13112833e+11 1.15419005e+11 1.17757885e+11 1.20131729e+11
 1.22540685e+11 1.24979217e+11 1.27442508e+11 1.29939116e+11
 1.32473143e+11 1.35046585e+11 1.37660453e+11 1.40315318e+11
 1.43011554e+11 1.45749462e+11 1.48529321e+11 1.51351408e+11
 1.54216010e+11 1.57123426e+11 1.60073966e+11 1.63067951e+11
 1.66105981e+11 1.69189740e+11 1.72319295e+11 1.75494874e+11
 1.78716777e+11 1.81985338e+11 1.85300233e+11 1.88660504e+11
 1.92066816e+11 1.95519656e+11 1.99019444e+11 2.02566568e+11
 2.06161406e+11 2.09804329e+11 2.13495705e+11 2.17235897e+11
 2.21025265e+11 2.24840319e+11 2.28685247e+11 2.32581694e+11
 2.36565755e+11 2.40804122e+11 2.44921794e+11 2.49013048e+11
 2.53124909e+11 2.57280495e+11 2.61490907e+11 2.65761264e+11
 2.70093753e+11 2.74489154e+11 2.78947710e+11 2.83472679e+11
 2.88063397e+11 2.92719447e+11 2.97440564e+11 3.02226581e+11
 3.07077400e+11 3.11992968e+11 3.16973273e+11 3.22018327e+11
 3.27128164e+11 3.32302838e+11 3.37542411e+11 3.42846959e+11
 3.48129101e+11 3.53437685e+11 3.56553914e+11 3.59865630e+11
 3.63272634e+11 3.66718632e+11 3.70175376e+11 3.73627125e+11
 3.77063769e+11 3.80477805e+11 3.83863007e+11 3.87213842e+11
 3.90525211e+11 3.93792329e+11 3.95876418e+11 3.96206931e+11
 3.96726021e+11 3.97156735e+11 3.97487769e+11 3.97699842e+11
 3.97742239e+11 3.97620212e+11 3.97337295e+11 3.96896285e+11
 3.96303728e+11 3.95564216e+11 3.90023382e+11 3.76851490e+11
 3.64698725e+11 3.53248444e+11 3.42569168e+11 3.32146277e+11
 3.22012030e+11 3.12180663e+11 3.02744465e+11 2.93680340e+11
 2.84928987e+11 2.76583845e+11 2.68604972e+11 2.60960848e+11
 2.53629213e+11 2.46592605e+11 2.39940532e+11 2.36329385e+11
 2.32636120e+11 2.28948970e+11 2.25288923e+11 2.21664316e+11
 2.18076858e+11 2.14524963e+11 2.10933325e+11 2.07569047e+11
 2.04153294e+11 2.00711254e+11 1.97250308e+11 1.93770717e+11
 1.90270318e+11 1.86743228e+11 1.83184186e+11 1.79593292e+11
 1.75980809e+11 1.72352874e+11 1.68703696e+11 1.65031558e+11
 1.61333975e+11 1.57544120e+11 1.53751506e+11 1.49957107e+11
 1.46163294e+11 1.42373241e+11 1.38590560e+11 1.34818450e+11
 1.31055820e+11 1.27342878e+11 1.23714734e+11 1.20162305e+11
 1.16680258e+11 1.13265466e+11 1.09916096e+11 1.06631077e+11
 1.03409774e+11 1.00251800e+11 9.71568969e+10 9.41248629e+10
 9.16493177e+10 8.97383579e+10 8.77011550e+10 8.56199099e+10
 8.35376735e+10 8.14766176e+10 7.94479835e+10 7.74572753e+10
 7.55069851e+10 7.35980282e+10 7.17309620e+10 6.99062462e+10
 6.81230788e+10 6.63807181e+10 6.46784615e+10 6.30155436e+10
 6.13912266e+10 5.98047941e+10 5.82539481e+10 5.67351082e+10
 5.52495981e+10 5.37979459e+10 5.23802100e+10 5.09961694e+10
 4.96453180e+10 4.83265362e+10 4.70398760e+10 4.57848733e+10
 4.45609903e+10 4.33676456e+10 4.22042335e+10 4.10701350e+10
 3.99636476e+10 3.88844174e+10 3.78320344e+10 3.68063400e+10
 3.58080369e+10 3.48369965e+10 3.38911726e+10 3.29665904e+10
 3.20665198e+10 3.11901573e+10 3.03367983e+10 2.95058029e+10
 2.86965754e+10 2.79085518e+10 2.71411920e+10 2.63939759e+10
 2.56663996e+10 2.49564668e+10 2.42634332e+10 2.35897324e+10
 2.29346558e+10 2.22975907e+10 2.16779865e+10 2.10753346e+10
 2.04891566e+10 1.99189970e+10 1.93644183e+10 1.88249984e+10
 1.83006936e+10 1.77911520e+10 1.72955659e+10 1.68132300e+10
 1.63438361e+10 1.58870679e+10 1.54426077e+10 1.50101404e+10
 1.45893561e+10 1.41799511e+10 1.37815671e+10 1.33936112e+10
 1.30114535e+10 1.26283660e+10 1.22483318e+10 1.18738211e+10
 1.15063680e+10 1.11469180e+10 1.07960409e+10 1.04540619e+10
 1.01211436e+10 9.79733855e+09 9.48262358e+09 9.17692219e+09
 8.88012016e+09 8.59207624e+09 8.31262994e+09 8.04161448e+09
 7.77885689e+09 7.52417120e+09 7.27736354e+09 7.03823562e+09
 6.80658722e+09 6.58212067e+09 6.36441078e+09 6.15329486e+09
 5.94866199e+09 5.75043057e+09 5.55843440e+09 5.37247596e+09
 5.19236680e+09 5.01792612e+09 4.84897989e+09 4.68536022e+09
 4.52695347e+09
