1.03419565 1.04538615 1.04345866 1.04255955 1.04227136 1.04233991
 1.0426158  1.04301255 1.04348089 1.04399334 1.04453492 1.04509596
 1.04566718 1.04625059 1.04684751 1.04745877 1.04808492 1.04872632
 1.04938323 1.0500558  1.05074416 1.05144838 1.05216854 1.0529047
 1.0536569  1.05442519 1.05522865 1.05609483 1.05699697 1.05792074
 1.05885864 1.05980694 1.06076394 1.06172904 1.06269275 1.06365985
 1.06463395 1.06561723 1.06661103 1.06761622 1.06863346 1.0696632
 1.07070584 1.07176172 1.07283113 1.07391437 1.07501167 1.0761233
 1.07724947 1.0783904  1.0795463  1.08071737 1.08190378 1.08310571
 1.08432334 1.08555681 1.08680627 1.08807187 1.08935373 1.09065198
 1.09196673 1.09329982 1.09465377 1.09602814 1.09742279 1.09883772
 1.100273   1.10172875 1.10320508 1.10470213 1.10622004 1.10775894
 1.10931897 1.11090026 1.11250294 1.11412714 1.11577298 1.11744057
 1.11913005 1.12084151 1.12257507 1.12433084 1.12504178 1.12597168
 1.12700911 1.12810488 1.12922555 1.13035592 1.13150123 1.13266289
 1.13384094 1.13503498 1.13624453 1.13746797 1.13870286 1.13994777
 1.14120123 1.1424637  1.14373515 1.14501541 1.14630424 1.14760137
 1.14890651 1.15021936 1.15153962 1.15286697 1.15420107 1.15554159
 1.15688817 1.15824045 1.15963813 1.16118025 1.16276059 1.16434916
 1.16593568 1.1675178  1.16909542 1.17066899 1.17223903 1.17380596
 1.17536989 1.1769309  1.17848896 1.180044   1.18159588 1.18314438
 1.18468927 1.18623022 1.18776689 1.1892989  1.19075003 1.1921718
 1.19358027 1.19497912 1.19590406 1.19574413 1.19591832 1.19626395
 1.1966965  1.19717242 1.19766958 1.19817696 1.19868924 1.1991946
 1.19969248 1.20009146 1.20033335 1.20057249 1.20081131 1.20105456
 1.20130206 1.20155153 1.20180321 1.20206389 1.20233939 1.20262044
 1.20290284 1.20318483 1.20346569 1.20374525 1.20402352 1.20430059
 1.2045766  1.20485165 1.20512589 1.2053994  1.20567228 1.20594462
 1.20621596 1.20648362 1.20674798 1.20700925 1.20726759 1.20752307
 1.2077771  1.20803239 1.20828869 1.20854592 1.20880407 1.20906315
 1.20932321 1.20958427 1.20984638 1.2101096  1.21037398 1.21065888
 1.21096137 1.2112647  1.21154085 1.21166039 1.21191158 1.21222371
 1.21256194 1.21290943 1.2132583  1.21360511 1.21394855 1.21428838
 1.21462465 1.2149521  1.2152715  1.21558342 1.21588834 1.21618665
 1.21647871 1.21676483 1.21704531 1.21732042 1.21759043 1.21785558
 1.21811612 1.2183723  1.21867944 1.21900794 1.21933679 1.21953408
 1.21965388 1.21972304 1.21975265 1.21974713 1.21970815 1.21963638
 1.21953211 1.21939561 1.21922715 1.21902712 1.2187974  1.21847018
 1.21795472 1.21739755 1.21679716 1.21615264 1.21546516 1.21473393
 1.2139594  1.21314268 1.21227973 1.21136916 1.21041305 1.20922022
 1.20755667 1.20559373 1.20329197 1.20095264 1.19714493 1.19231764
 1.18734024 1.18225825 1.17716033 1.17194437 1.16666746 1.16137626
 1.15610499 1.15088047 1.14572468 1.14066663 1.1358265  1.13110289
 1.12648062 1.12195929 1.11754591 1.11325092 1.10894032 1.10414153
 1.09946539 1.09488718 1.09040699 1.08603488 1.08178432 1.07767966
 1.07374483 1.06998865 1.06640288 1.06298517 1.05975308 1.05671778
 1.0538864  1.05126298 1.04884178 1.04662816 1.04462458 1.04283162
 1.04124851 1.03987358 1.03870436 1.03766793 1.03669479 1.03580239
 1.03500085 1.03429576 1.03368985 1.03318409 1.03277828 1.03247146
 1.03226218 1.03214864 1.03090509 1.02843118 1.02641889 1.02467841
 1.02310672 1.02164845 1.02027365 1.01896597 1.01771635 1.01651962
 1.01537074 1.01426416 1.01319914 1.01217476 1.01118996 1.01024402
 1.00933617 1.00846558 1.00763141 1.00683215 1.00606529 1.0053295
 1.00462408 1.00394853 1.00330246 1.00268539 1.00209659 1.00153559
 1.00100194 1.00049515 1.00001473 0.99780066 0.99568594 0.99372096
 0.99189802 0.9902169  0.98864296 0.98715018 0.98574539 0.98442971
 0.9831955  0.98204596 0.98098239 0.98000489 0.97911286 0.97830527
 0.97758078 0.97693791 0.97637508 0.97589063 0.97547161 0.97508754
 0.97474525 0.97444885 0.97420071 0.97400206 0.97385339 0.97375471
 0.97370568 0.97370575 0.97373649 0.97379348 0.97389563 0.97405902
 0.97428094 0.97455932 0.97489254 0.97527921 0.9757181  0.97620807
 0.97675167 0.9773663  0.97804782 0.97878167 0.97954117 0.98031908
 0.98111763 0.98194305 0.98280265 0.98370339 0.98465126 0.98565105
 0.98670636 0.98781969 0.98899262 0.99022594 0.99151978 0.99287317
 0.99428438 0.99575181 0.99727391 0.9988491  1.00009516 1.00043241
 1.000786   1.00115532 1.00153858 1.00193333 1.0023389  1.00275533
 1.00318259 1.00362063 1.00406938 1.00452871 1.00499724
