 760.          796.53918998  790.73551722  788.70557515  788.97125204
  790.61279982  793.0723721   796.01354674  799.23446106  802.61463973
  806.08267565  809.58822526  813.08158224  816.56553122  820.04206773
  823.51287676  826.97956863  830.44378215  833.90721799  837.37163787
  840.83884894  844.3106836   847.78897985  851.27556433  854.77223866
  858.28076919  861.89206454  865.74960614  869.76244144  873.88129537
  878.07996314  882.34493723  886.66965194  891.05130537  895.44992744
  899.88087908  904.35640215  908.88386426  913.46792363  918.11173294
  922.81760654  927.5873889   932.42265756  937.32483452  942.29524729
  947.33516237  952.44580359  957.62836223  962.88400268  968.21386561
  973.61906988  979.10071365  984.65987514  990.29761302  996.01496685
 1001.8129572  1007.69258583 1013.65483578 1019.70067137 1025.83103815
 1032.04686283 1038.34905312 1044.73764163 1051.21176288 1057.77149591
 1064.41736015 1071.15006905 1077.97041113 1084.87919361 1091.87721635
 1098.96526036 1106.14408301 1113.41441636 1120.77696672 1128.23241471
 1135.78141537 1143.42459825 1151.16256732 1158.99590079 1166.92515083
 1174.95084308 1183.07347616 1191.29352107 1200.19263332 1209.40123314
 1218.76492806 1228.17257527 1237.57456894 1247.00144352 1256.46710026
 1265.97840088 1275.53905872 1285.15124261 1294.81626283 1304.53556051
 1314.30549694 1324.12173594 1333.98691532 1343.90164212 1353.86566915
 1363.87833887 1373.93875482 1384.04585125 1394.19842441 1404.39514878
 1414.63458677 1424.91519539 1435.23533107 1445.59325338 1455.98712789
 1466.61783501 1478.01640986 1489.70512975 1501.53228824 1513.44738898
 1525.43316505 1537.48195559 1549.58868792 1561.74884327 1573.95789254
 1586.21115558 1598.50392528 1610.83135134 1623.18841634 1635.56993733
 1647.97057273 1660.38482966 1672.80707081 1685.23152089 1697.6522731
 1709.71977031 1721.65421355 1733.52099784 1745.33135307 1755.02232772
 1759.8878093  1766.29255952 1773.49545057 1781.10757125 1788.92565914
 1796.84383029 1804.80696896 1812.78569374 1820.76297008 1828.73210106
 1836.68857935 1844.62886264 1852.549624   1860.44746244 1868.32227769
 1876.17071022 1883.96964523 1891.71925411 1899.51226268 1907.44662084
 1915.4238272  1923.39533111 1931.33622668 1939.2327059  1947.07611862
 1954.86018824 1962.57972297 1970.23002921 1977.80665122 1985.30526025
 1992.72161117 2000.05152868 2007.29090617 2014.4357096  2021.48231975
 2028.42870106 2035.27152869 2042.00702175 2048.63129091 2055.14048242
 2061.5300242  2067.79437645 2073.92969404 2079.93284594 2085.8010453
 2091.53171323 2097.12243038 2102.57092113 2107.87504949 2113.03281933
 2118.29971024 2123.67375575 2128.9658919  2133.88207093 2137.14008097
 2141.87871329 2147.33935906 2153.14031472 2159.08941272 2165.08948145
 2171.09073187 2177.06686547 2183.00314737 2188.89049271 2194.72264685
 2200.49723923 2206.21076221 2211.85915611 2217.43811183 2222.94322751
 2228.37008907 2233.71431106 2238.97155688 2244.1375483  2249.20806976
 2254.17897025 2259.0461643  2264.56514366 2270.41846972 2276.3574442
 2280.83514276 2284.5268312  2287.73215977 2290.57530495 2293.10418217
 2295.33404052 2297.26648908 2298.89773936 2300.22214435 2301.233701
 2301.9266787  2302.29587636 2301.53318786 2298.57782592 2295.05783108
 2291.01368422 2286.46783185 2281.42789581 2275.87673123 2269.80975944
 2263.22932299 2256.14181742 2248.55842857 2240.49175604 2229.67427365
 2213.28088111 2193.27448632 2169.33728122 2144.88813413 2119.9309264
 2094.52518564 2068.12486061 2040.95761858 2013.50892586 1985.24439989
 1956.47551141 1927.4588651  1898.38568877 1869.40832855 1840.65384271
 1812.29350217 1785.14719068 1758.64034262 1732.66583573 1707.20338947
 1682.27763042 1657.9352819  1633.46328009 1606.33155872 1579.75193833
 1553.58893994 1527.84275413 1502.56917033 1477.84358627 1453.74465284
 1430.34420363 1407.70603891 1385.79783851 1364.61741038 1344.27104311
 1324.82983413 1306.34204562 1288.83791759 1272.28922444 1256.7316456
 1242.18423021 1228.65460121 1216.14219573 1204.6403828  1194.13748896
 1184.26768623 1174.68551708 1165.48063333 1156.70507155 1148.38759728
 1140.54235855 1133.17416891 1126.2817771  1119.85992376 1113.90065982
 1108.3942105  1097.5129636  1080.83797513 1066.37469826 1053.20739925
 1040.84888246 1029.03942007 1017.63989081 1006.57529964  995.80475342
  985.30543007  975.0639957   965.07290915  955.32832014  945.82628965
  936.5627876   927.53367824  918.73453279  910.16070281  901.80737927
  893.66652827  885.72511111  877.97585883  870.41428104  863.03709278
  855.84141538  848.82415797  841.98087401  835.30850302  828.80402116
  822.46431984  816.28617043  810.2662307   804.40106937  798.6848315
  793.11289369  787.68631861  782.38781565  777.20908328  772.15427164
  767.22274297  762.40601826  757.70553505  753.12126779  748.65231174
  744.29723367  740.05428387  735.92152531  731.89691287  727.97834264
  724.16368272  720.44732162  716.82386888  713.29546003  709.86247187
  706.52421592  703.27936428  700.1262122   697.06284034  694.08721535
  691.19725215  688.3908525   685.66684753  683.02393982  680.45956525
  677.97049746  675.55404177  673.20785774  670.92984648  668.7180786
  666.57074775  664.48614038  662.46245425  660.49719861  658.57718675
  656.67569015  654.78286313  652.89775095  651.02375097  649.16608029
  647.3304027   645.52212003  643.74603917  642.00624736  640.30609904
  638.64825901  637.03477075  635.46713286  633.94599362  632.47138267
  631.04327488  629.66154671  628.32595812  627.0361494   625.79164658
  624.59160122  623.43452145  622.31981195  621.24499385  620.20738079
  619.20652362  618.241827    617.3125966   616.41807146  615.55744649
  614.72988823
